1, 630.166667, 1239.000000
66, 675.916667, 968.250000
100, 589.382662, 1236.365307
101, 548.803298, 1231.559833
102, 508.664901, 1223.900124
103, 469.152842, 1213.479800
104, 430.418590, 1200.458445
105, 392.590471, 1185.003485
106, 355.930326, 1166.954003
107, 320.692026, 1146.268238
108, 286.998085, 1123.147618
109, 254.906140, 1097.850797
110, 224.540069, 1070.505593
111, 196.058424, 1041.203408
112, 169.618530, 1010.047271
113, 145.509420, 977.055408
114, 123.769524, 942.455670
115, 104.448028, 906.447971
116, 87.247227, 869.378710
117, 72.724021, 831.188594
118, 61.186145, 791.986920
119, 52.060147, 752.154999
120, 45.889879, 711.763020
121, 42.565816, 671.033587
122, 41.689584, 630.178834
123, 43.640345, 589.363097
124, 48.443215, 548.783552
125, 56.104302, 508.645419
126, 66.525955, 469.133711
127, 79.548506, 430.399858
128, 95.004700, 392.572245
129, 113.055450, 355.912724
130, 133.742513, 320.675186
131, 156.860312, 286.979213
132, 182.144881, 254.877624
133, 209.500262, 224.521045
134, 238.818484, 196.055650
135, 269.969521, 169.609654
136, 302.960105, 145.498904
137, 337.560538, 123.760116
138, 373.568804, 104.439672
139, 410.638519, 87.239850
140, 448.829194, 72.718125
141, 488.031210, 61.181399
142, 527.863402, 52.056589
143, 568.255601, 45.887763
144, 608.985129, 42.564841
145, 649.839904, 41.689807
146, 690.655579, 43.641905
147, 731.234969, 48.446075
148, 771.372855, 56.108453
149, 810.884233, 66.531354
150, 849.617711, 79.555026
151, 887.444849, 95.012377
152, 924.103784, 113.064317
153, 959.340608, 133.752598
154, 993.011270, 156.905973
155, 1025.022090, 182.305478
156, 1055.441910, 209.593395
157, 1084.054635, 238.765713
158, 1110.433155, 269.973069
159, 1134.517213, 302.983883
160, 1156.254303, 337.585383
161, 1175.573135, 373.594516
162, 1192.771455, 410.664926
163, 1207.290912, 448.856461
164, 1218.825874, 488.058998
165, 1227.948863, 527.891603
166, 1234.115479, 568.284141
167, 1237.436651, 609.013813
168, 1238.309849, 649.868624
169, 1236.355702, 690.684202
170, 1231.549540, 731.263355
171, 1223.885182, 771.400864
172, 1213.460370, 810.911737
173, 1200.434979, 849.644639
174, 1184.975855, 887.471048
175, 1166.922090, 924.129088
176, 1146.231944, 959.364817
177, 1123.107655, 993.056241
178, 1097.807308, 1025.145408
179, 1070.458837, 1055.508536
180, 1041.153503, 1083.986939
181, 1009.994323, 1110.423242
182, 976.999582, 1134.528419
183, 942.397341, 1156.264329
184, 906.387604, 1175.582041
185, 869.316712, 1192.779314
186, 831.124579, 1207.297196
187, 791.921678, 1218.830931
188, 752.088785, 1227.952653
189, 711.696011, 1234.117733
190, 670.979904, 1237.632948
191, 609.763128, 1237.859259
192, 569.051154, 1234.314836
193, 528.667088, 1228.081301
194, 488.819167, 1219.030136
195, 449.683780, 1207.272487
196, 411.375020, 1193.047759
197, 374.100869, 1176.302803
198, 338.113771, 1156.947462
199, 303.655295, 1134.984493
200, 270.739955, 1110.768364
201, 239.501183, 1084.424602
202, 210.054092, 1056.092806
203, 182.568133, 1025.854661
204, 157.264266, 993.770459
205, 134.336828, 959.945681
206, 113.820398, 924.606739
207, 95.585724, 888.034802
208, 79.571259, 850.441097
209, 66.648198, 811.678226
210, 56.302718, 772.144233
211, 48.576723, 732.019905
212, 43.920702, 691.423473
213, 41.802105, 650.613063
214, 42.298737, 609.753475
215, 45.687502, 569.031342
216, 51.922448, 528.647464
217, 60.974960, 488.799849
218, 72.733885, 449.664844
219, 86.959789, 411.356521
220, 103.706024, 374.082945
221, 123.062656, 338.096543
222, 145.026363, 303.638518
223, 169.233278, 270.716285
224, 195.572093, 239.473596
225, 223.924091, 210.046046
226, 254.165433, 182.563281
227, 286.244870, 157.253483
228, 320.070186, 134.326856
229, 355.409784, 113.811553
230, 391.982195, 95.577828
231, 429.576416, 79.564588
232, 468.339757, 66.642921
233, 507.874031, 56.298517
234, 547.998622, 48.573898
235, 588.595206, 43.919188
236, 629.405673, 41.801688
237, 670.265244, 42.299633
238, 710.987269, 45.689700
239, 751.370943, 51.925966
240, 791.218270, 60.979740
241, 830.352917, 72.739862
242, 868.660830, 86.966870
243, 905.933866, 103.714304
244, 941.919616, 123.072146
245, 976.374193, 145.041006
246, 1009.229109, 169.337866
247, 1040.425490, 195.733774
248, 1070.013447, 223.919638
249, 1097.523528, 254.132963
250, 1122.765851, 286.266348
251, 1145.688427, 320.094509
252, 1166.202003, 355.435109
253, 1184.434275, 392.008246
254, 1200.445637, 429.603260
255, 1213.365165, 468.367322
256, 1223.707922, 507.902026
257, 1231.430430, 548.027018
258, 1236.083130, 588.623836
259, 1238.198950, 629.434387
260, 1237.698992, 670.293934
261, 1234.306931, 711.015794
262, 1228.068642, 751.399156
263, 1219.012932, 791.246042
264, 1207.250977, 830.380138
265, 1193.022278, 868.687422
266, 1176.273004, 905.959632
267, 1156.913306, 941.944383
268, 1134.946327, 976.400309
269, 1110.726609, 1009.313006
270, 1084.379474, 1040.548937
271, 1056.044440, 1069.992909
272, 1025.803257, 1097.475524
273, 993.715986, 1122.775497
274, 959.888577, 1145.699054
275, 924.547280, 1166.211428
276, 887.973639, 1184.442690
277, 850.378074, 1200.452745
278, 811.613510, 1213.370788
279, 772.078507, 1223.712398
280, 731.953235, 1231.433439
281, 691.357900, 1236.103292
282, 650.582929, 1238.886475
283, 714.983678, 960.700376
284, 753.181834, 949.614748
285, 789.924969, 934.381593
286, 824.380634, 914.534241
287, 855.516294, 889.804268
288, 883.742134, 861.771926
289, 908.667455, 830.782735
290, 929.390003, 796.838511
291, 946.047921, 760.717904
292, 958.537567, 722.957573
293, 966.211440, 683.935706
294, 969.074362, 644.264952
295, 967.345251, 604.529616
296, 960.679098, 565.323822
297, 949.176377, 527.250537
298, 933.380312, 490.747349
299, 913.358391, 456.382788
300, 889.338007, 424.683744
301, 861.641542, 396.141627
302, 830.671864, 371.189358
303, 796.845203, 350.273832
304, 760.684036, 333.719140
305, 722.784724, 321.652508
306, 683.759920, 313.967036
307, 644.102232, 310.946752
308, 604.367614, 312.671704
309, 565.165340, 319.358528
310, 527.097622, 330.879741
311, 490.601900, 346.693013
312, 456.247294, 366.732021
313, 424.560132, 390.768067
314, 396.031920, 418.478857
315, 371.073119, 449.444453
316, 350.060199, 483.211256
317, 333.591178, 519.407223
318, 321.732581, 557.373685
319, 314.040397, 596.399124
320, 310.955689, 636.051329
321, 312.687763, 675.785089
322, 319.394072, 714.984034
323, 330.951874, 753.039858
324, 346.948466, 789.453735
325, 367.145320, 823.718394
326, 391.118707, 855.455178
327, 418.881646, 883.926120
328, 450.062374, 908.617406
329, 483.778767, 929.721920
330, 519.723238, 946.740720
331, 557.527878, 959.090465
332, 596.569034, 966.669180
333, 636.241854, 969.589049
334, 695.508842, 964.776820
335, 734.243061, 955.710277
336, 771.764438, 942.506345
337, 807.503685, 925.067739
338, 840.392589, 902.730800
339, 869.966137, 876.127140
340, 896.698583, 846.674188
341, 919.565001, 814.138298
342, 938.208177, 779.003860
343, 952.860173, 742.025187
344, 962.996730, 703.569059
345, 968.217191, 664.141890
346, 968.797650, 624.371526
347, 964.646542, 584.818856
348, 955.490939, 546.117227
349, 941.801767, 508.772334
350, 923.891411, 473.260921
351, 901.825853, 440.171302
352, 875.928293, 409.987181
353, 846.540892, 383.188507
354, 814.083213, 360.206567
355, 779.022738, 341.432749
356, 741.909426, 327.136555
357, 703.382311, 317.250654
358, 663.976217, 311.864716
359, 624.208826, 311.210082
360, 584.658281, 315.380803
361, 545.961344, 324.556308
362, 508.622836, 338.262906
363, 473.120203, 356.190634
364, 440.041499, 378.272551
365, 409.870319, 404.185175
366, 383.084559, 433.584505
367, 360.048092, 466.005267
368, 341.219441, 501.033301
369, 327.130891, 538.224305
370, 317.352839, 576.781413
371, 311.898129, 616.178556
372, 311.217072, 655.944609
373, 315.406659, 695.493072
374, 324.601236, 734.185483
375, 338.407448, 771.485260
376, 356.552824, 806.877140
377, 378.670477, 839.935625
378, 404.523189, 870.155860
379, 434.107584, 896.731407
380, 466.635929, 919.624607
381, 501.482922, 938.797820
382, 538.434017, 953.501500
383, 576.929254, 963.494150
384, 616.368956, 968.613621
385, 656.136655, 969.923827
386, 293.748151, 735.598627
387, 542.311253, 289.811986
388, 987.799958, 543.657834
389, 284.762587, 559.919031
390, 724.866289, 287.439264
391, 991.471207, 712.452103
392, 372.499197, 881.664202
393, 729.675476, 991.858563
394, 555.339306, 995.186655
395, 398.026474, 373.698192
396, 913.026007, 392.947588
397, 973.771954, 799.681651
398, 431.041089, 949.512388
399, 892.150512, 904.277326
400, 318.882514, 817.857818
401, 804.515024, 319.954479
402, 320.992374, 469.244303
403, 269.708412, 652.058469
404, 623.615262, 278.546988
405, 1001.392442, 631.732671
406, 957.940158, 471.789492
407, 458.289118, 329.806724
408, 652.245034, 1002.566835
409, 818.144448, 962.279937
410, 435.767452, 1166.465284
411, 1112.539361, 946.037910
412, 173.348047, 329.792325
413, 969.977815, 183.235292
414, 1173.607108, 806.636341
415, 832.720877, 110.893977
416, 106.156540, 467.393314
417, 297.964790, 1086.911786
418, 1195.945328, 570.437505
419, 569.959535, 81.369658
420, 87.270123, 734.726084
421, 132.368800, 871.688868
422, 743.290153, 1192.382290
423, 419.891167, 130.720811
424, 1157.907402, 418.484101
425, 192.903586, 978.733278
426, 1101.757712, 321.794963
427, 305.168367, 181.406057
428, 76.553002, 617.079308
429, 680.470003, 82.848399
430, 1202.347669, 660.133717
431, 885.196895, 1145.836735
432, 594.253249, 1200.518144
433, 983.499821, 1086.266080
434, 1029.143150, 232.768762
435, 530.697226, 1196.317421
436, 1070.989800, 1006.708456
437, 219.516759, 266.485316
438, 242.370654, 1036.464574
439, 1194.721231, 733.209726
440, 759.110772, 91.570397
441, 86.995072, 541.701599
442, 363.931869, 1130.001279
443, 133.819096, 396.298484
444, 1148.009318, 878.488626
445, 905.060542, 142.090940
446, 816.683823, 1172.195565
447, 1179.631137, 493.277959
448, 493.648782, 95.821093
449, 104.777377, 824.283709
450, 863.308180, 940.575265
451, 910.414008, 948.499703
452, 928.651773, 918.469461
453, 937.332129, 955.303459
454, 897.804699, 979.376447
455, 958.402716, 935.761617
456, 941.670289, 985.434919
457, 923.024532, 1023.380329
458, 951.314360, 887.380959
459, 990.384725, 902.555982
460, 879.095685, 1017.314321
461, 885.841311, 1048.873112
462, 840.368989, 1042.257352
463, 1012.471581, 935.394003
464, 864.988875, 1068.122563
465, 809.202565, 1068.160624
466, 1036.101698, 917.344446
467, 1031.799390, 890.955847
468, 836.577926, 1095.016925
469, 778.180291, 1095.381453
470, 899.729771, 1092.215984
471, 1066.135171, 881.379596
472, 1059.215997, 853.196138
473, 814.478444, 1014.964255
474, 1025.930706, 851.625085
475, 1042.370695, 812.762654
476, 1081.382034, 821.389546
477, 1081.032667, 774.134292
478, 1049.309662, 778.437617
479, 1078.748709, 746.939378
480, 1113.951226, 758.905752
481, 1099.054858, 727.629074
482, 1071.032670, 699.174099
483, 1109.203381, 671.654631
484, 1063.285678, 653.880096
485, 1095.341805, 638.394787
486, 1132.971809, 654.704872
487, 1129.376997, 626.110538
488, 1078.479956, 598.119165
489, 1121.531412, 586.522653
490, 1078.144375, 549.841857
491, 1113.949151, 545.106216
492, 1073.148164, 509.781791
493, 1106.924658, 504.643039
494, 1065.055235, 470.816912
495, 1099.043681, 465.295890
496, 1055.353789, 430.168450
497, 1091.898061, 425.910597
498, 1045.315161, 387.537538
499, 1032.445744, 478.839768
500, 1090.766150, 380.682888
501, 1035.761883, 348.112902
502, 996.724886, 391.151516
503, 997.192680, 344.558919
504, 952.504722, 366.751038
505, 957.242377, 331.718309
506, 996.754541, 309.596351
507, 958.559969, 294.940270
508, 920.019453, 317.445112
509, 920.297046, 281.513629
510, 893.866561, 309.206441
511, 876.761804, 273.706865
512, 922.725122, 237.252147
513, 877.435129, 231.542016
514, 828.705178, 254.043018
515, 837.127648, 219.201103
516, 788.765096, 238.329505
517, 797.769747, 205.387652
518, 751.431873, 224.320181
519, 759.567437, 192.904796
520, 724.690751, 213.412980
521, 722.748518, 187.164134
522, 686.336361, 187.852642
523, 684.121240, 161.373764
524, 646.810538, 182.995967
525, 656.227980, 151.334387
526, 604.870349, 170.229372
527, 618.844163, 138.470787
528, 565.101879, 156.530538
529, 589.705181, 207.477082
530, 546.895028, 186.022290
531, 537.135833, 146.913045
532, 505.988762, 163.359886
533, 529.363644, 215.274662
534, 487.135939, 201.255084
535, 472.322192, 233.960161
536, 844.609861, 186.091456
537, 442.913766, 187.384367
538, 429.312025, 223.615673
539, 421.703785, 257.334356
540, 385.041378, 259.596342
541, 390.239730, 282.885678
542, 351.720564, 274.758166
543, 371.242903, 300.678400
544, 318.938907, 297.929545
545, 341.407172, 327.830557
546, 275.200534, 322.029254
547, 303.713555, 366.822889
548, 240.275857, 361.215829
549, 260.564226, 390.898486
550, 211.651817, 389.543105
551, 229.235826, 417.562001
552, 297.994665, 404.045530
553, 300.160128, 270.815142
554, 376.035800, 219.499633
555, 767.737800, 159.475556
556, 404.918490, 321.144605
557, 949.173635, 1030.494242
558, 970.621343, 1011.735514
559, 191.302917, 408.588529
560, 192.426049, 442.473401
561, 247.418685, 448.719070
562, 219.283917, 486.244284
563, 171.265177, 472.330739
564, 179.190865, 507.651539
565, 221.586070, 531.976690
566, 192.355283, 547.686292
567, 151.793989, 539.307466
568, 154.974563, 573.450229
569, 207.465528, 578.002159
570, 178.938511, 604.830315
571, 200.614543, 632.123031
572, 179.214761, 651.104192
573, 220.977534, 658.119923
574, 191.343254, 683.522063
575, 219.119737, 700.695997
576, 186.939325, 726.080141
577, 148.853312, 682.899061
578, 221.013716, 728.291759
579, 183.113215, 763.514179
580, 224.436456, 775.532092
581, 204.571448, 807.459147
582, 252.111964, 813.675013
583, 216.612775, 851.780998
584, 265.536936, 869.479710
585, 228.242864, 906.375859
586, 263.692567, 907.326631
587, 148.762465, 755.035543
588, 290.977970, 877.672251
589, 304.405469, 908.349232
590, 263.358382, 951.790570
591, 306.316316, 952.538636
592, 278.106885, 984.710012
593, 314.800069, 994.437521
594, 340.994731, 952.451681
595, 358.567957, 995.743815
596, 388.700472, 1016.153551
597, 350.881572, 1039.627526
598, 393.438524, 1052.668733
599, 428.850883, 1031.301812
600, 451.153074, 1058.587734
601, 470.358279, 1041.077957
602, 479.800277, 1078.849817
603, 495.948421, 1050.287787
604, 513.799098, 1096.519453
605, 532.144322, 1065.211173
606, 553.236288, 1122.774715
607, 572.894132, 1082.006613
608, 602.231102, 1132.006144
609, 616.421754, 1098.504750
610, 630.828761, 1140.891554
611, 661.011306, 1122.802554
612, 506.050783, 1017.808434
613, 667.854677, 1164.857711
614, 706.710281, 1130.449016
615, 687.384152, 1076.272078
616, 494.791164, 1124.520625
617, 630.959508, 1064.179286
618, 641.129500, 216.876993
619, 1173.048295, 619.333353
620, 1031.842959, 961.091537
621, 278.905547, 790.834690
622, 170.218739, 836.218468
623, 906.472889, 205.799575
624, 428.536122, 1084.320772
625, 1040.831712, 588.643347
626, 722.404925, 1099.037763
627, 712.352354, 1055.086928
628, 731.025505, 1137.148691
629, 235.573740, 604.405683
630, 988.795062, 273.181103
631, 1028.849373, 281.593985
632, 991.302992, 1036.445530
633, 808.212867, 1130.248906
634, 286.377707, 1030.636048
635, 232.289495, 309.327219
636, 134.236974, 604.552089
637, 327.737250, 879.371551
638, 237.693557, 980.264585
639, 345.007646, 434.790255
640, 690.679817, 997.877966
641, 282.894305, 696.571638
642, 583.735130, 282.498646
643, 567.946177, 249.999994
644, 1004.588661, 582.730039
645, 839.289302, 340.552870
646, 873.115009, 364.389293
647, 370.137458, 402.914741
648, 937.950747, 436.224786
649, 776.515011, 987.826367
650, 398.373150, 911.977271
651, 983.047703, 753.094944
652, 964.931440, 417.814662
653, 997.382204, 672.916461
654, 474.466790, 966.717046
655, 767.260148, 302.967563
656, 493.696191, 301.786392
657, 974.189202, 508.093077
658, 942.549322, 840.928104
659, 292.146412, 510.530317
660, 606.882556, 1010.578971
661, 448.963937, 292.769976
662, 294.858406, 447.845834
663, 669.979901, 270.749752
664, 1142.562782, 498.991379
665, 558.648873, 1164.711251
666, 433.509378, 986.873280
667, 1154.072128, 732.735189
668, 1156.739046, 767.480572
669, 667.429125, 1035.273677
670, 669.230710, 119.124605
671, 268.841121, 476.252117
672, 513.607464, 981.831291
673, 546.097559, 1031.149320
674, 949.061516, 209.236159
675, 1022.742293, 551.020060
676, 917.299824, 873.540387
677, 606.958363, 245.885190
678, 1173.373655, 699.419032
679, 277.696358, 601.936442
680, 1014.201253, 526.262816
681, 372.017002, 936.040177
682, 841.837038, 1137.399711
683, 499.027731, 127.058792
684, 251.710897, 523.992823
685, 1020.935556, 745.732980
686, 1016.960675, 783.045276
687, 1018.481653, 439.425283
688, 341.936768, 385.008827
689, 277.926273, 837.632968
690, 1057.616205, 626.904518
691, 588.027611, 1047.604249
692, 693.390871, 227.765648
693, 845.092859, 989.948699
694, 784.484566, 1039.663627
695, 185.782758, 372.859121
696, 995.830802, 869.477026
697, 852.373620, 309.174934
698, 1107.685457, 865.963683
699, 1132.274951, 836.410713
700, 154.295021, 434.965096
701, 579.580009, 119.268271
702, 606.539151, 100.469536
703, 133.451578, 503.872965
704, 115.173604, 573.218747
705, 375.864866, 1094.131159
706, 1159.432872, 577.482417
707, 1200.932372, 597.445746
708, 1150.949614, 538.437190
709, 399.606371, 174.448874
710, 355.751991, 157.255848
711, 737.124128, 253.923466
712, 324.782878, 1030.749430
713, 964.060584, 260.835225
714, 1128.433471, 701.226323
715, 234.318410, 935.821557
716, 198.279808, 921.129207
717, 880.656392, 198.474653
718, 148.738816, 637.666009
719, 114.332187, 685.896161
720, 461.588498, 1106.000341
721, 332.069436, 247.887598
722, 276.554110, 288.021773
723, 276.162414, 251.930144
724, 912.656954, 1054.862776
725, 935.963962, 1088.489540
726, 520.438462, 1138.325221
727, 480.573282, 1151.738419
728, 151.505884, 720.678222
729, 124.290821, 749.300877
730, 806.999948, 173.046239
731, 1124.390806, 799.879279
732, 1133.897707, 460.355402
733, 177.165005, 800.137565
734, 137.152282, 827.646590
735, 208.754410, 342.506765
736, 719.055382, 138.941457
737, 1029.484791, 321.804753
738, 863.676438, 1119.153546
739, 596.279210, 1165.904753
740, 179.837059, 887.671887
741, 632.418443, 108.327866
742, 1105.324544, 903.003104
743, 980.119231, 959.853769
744, 721.569129, 88.305222
745, 703.318080, 1163.469721
746, 669.668157, 1200.724827
747, 151.949901, 913.354120
748, 1000.448209, 986.236630
749, 1070.859046, 929.139745
750, 241.247392, 638.980045
751, 370.182997, 352.899341
752, 341.349569, 1074.443881
753, 429.620534, 349.065957
754, 781.625494, 128.758993
755, 767.820052, 1148.940398
756, 1027.322983, 704.934478
757, 195.459181, 298.080770
758, 1120.956886, 397.083561
759, 1123.567611, 354.989201
760, 1188.568280, 532.611662
761, 119.341180, 723.525718
762, 347.360161, 851.361526
763, 919.885839, 1127.214327
764, 556.709936, 1198.383801
765, 1000.668787, 207.473235
766, 171.919085, 947.382780
767, 1055.452038, 260.350511
768, 1093.317284, 977.325621
769, 269.752974, 1062.838069
770, 118.528807, 431.912049
771, 869.914447, 125.602939
772, 104.227463, 777.388371
773, 532.014843, 88.068421
774, 1044.283177, 1034.008722
775, 868.988048, 971.803609
776, 95.646487, 505.068341
777, 985.873705, 454.253262
778, 151.708209, 363.453918
779, 217.052970, 1008.981884
780, 80.387896, 579.729094
781, 998.429397, 827.905572
782, 632.163570, 1166.854485
783, 400.052301, 1149.222963
784, 938.489178, 161.524946
785, 1079.558020, 289.942428
786, 1169.620646, 455.036249
787, 1069.792063, 339.148534
788, 459.348356, 107.593867
789, 816.483927, 288.345767
790, 80.683696, 696.857128
791, 226.193383, 557.958272
792, 305.768298, 772.863987
793, 979.066693, 232.563971
794, 459.792149, 153.153933
795, 392.393655, 969.141407
796, 1125.785659, 423.934748
797, 642.310073, 76.962297
798, 766.295605, 1018.901234
799, 738.642352, 1023.820769
800, 142.888029, 790.796325
801, 1161.596777, 842.487738
802, 238.777916, 684.174435
803, 77.004527, 657.197053
804, 333.177699, 922.733716
805, 330.557535, 1109.339055
806, 273.469662, 209.683456
807, 855.533333, 155.562518
808, 489.814966, 272.327625
809, 415.302317, 287.145938
810, 1185.171999, 769.607792
811, 1161.191894, 668.827880
812, 780.279712, 1182.733633
813, 777.446037, 270.963197
814, 471.963389, 1180.970706
815, 637.756994, 1038.541034
816, 818.889100, 141.939629
817, 143.140404, 469.718122
818, 746.210258, 1062.587722
819, 252.033956, 716.627644
820, 270.325752, 421.632107
821, 796.381799, 99.020855
822, 123.822568, 539.580349
823, 749.731607, 1120.357289
824, 106.897179, 854.808117
825, 305.152618, 226.077128
826, 1202.890842, 632.725554
827, 852.543989, 1160.881169
828, 1030.472034, 664.952961
829, 889.948799, 170.204102
830, 535.623424, 121.788612
831, 631.688617, 1201.612316
832, 263.559548, 754.495501
833, 917.008842, 350.935101
834, 1131.287448, 912.397437
835, 303.549491, 856.092959
836, 410.989041, 1000.849317
837, 334.251435, 196.610193
838, 1021.538867, 1010.899052
839, 110.646315, 647.009517
840, 560.364639, 225.265660
841, 262.422482, 1006.534709
842, 1014.529895, 1060.324645
843, 1143.327263, 386.461728
844, 244.873089, 237.979443
845, 637.609470, 242.403938
846, 755.486962, 118.184739
847, 167.381019, 403.662781
848, 945.886223, 392.375453
849, 472.267024, 129.815189
850, 884.736703, 332.373900
851, 462.030956, 1008.683915
852, 953.627290, 1059.682900
853, 1050.550640, 308.561920
854, 319.016365, 162.045788
855, 216.807344, 953.375651
856, 307.050970, 1053.332667
857, 1200.033518, 696.053854
858, 446.670735, 1135.005048
859, 736.116919, 1159.788639
860, 248.816504, 496.267841
861, 252.401764, 279.450020
862, 249.575315, 560.003329
863, 163.237698, 864.501200
864, 1049.997941, 985.116512
865, 973.687008, 856.441453
866, 606.784712, 76.438762
867, 497.445201, 1189.847750
868, 1005.720009, 256.325062
869, 519.076069, 253.028906
870, 382.829812, 130.082130
871, 318.655259, 417.145451
872, 953.000927, 1107.929927
873, 460.161115, 264.568521
874, 350.334083, 905.564772
875, 1033.752939, 627.205426
876, 920.334369, 187.660041
877, 1001.821352, 491.707211
878, 1071.514602, 966.538341
879, 703.183615, 1029.794113
880, 290.598741, 815.279992
881, 706.862204, 1197.753750
882, 1018.312948, 808.398784
883, 110.132144, 609.042978
884, 517.469325, 1168.793493
885, 412.183576, 1115.187384
886, 1041.823454, 515.901591
887, 440.003323, 314.059492
888, 1055.418562, 743.889090
889, 1045.053135, 551.943049
890, 384.104736, 363.298767
891, 387.550744, 337.021973
892, 417.269512, 335.105281
893, 413.823504, 361.382074
894, 400.687124, 349.202024
895, 810.499475, 304.150123
896, 834.428774, 298.760350
897, 845.831461, 324.863902
898, 821.902163, 330.253674
899, 828.165468, 314.507012
900, 795.496728, 1001.395311
901, 797.329730, 975.053152
902, 831.618653, 976.114318
903, 829.785652, 1002.456477
904, 813.557691, 988.754814
905, 1139.910957, 346.287292
906, 1112.662662, 338.392082
907, 1118.137463, 312.389423
908, 1129.175544, 329.243295
909, 1187.969569, 626.029454
910, 1202.619256, 646.429636
911, 1181.769782, 664.480798
912, 1167.120095, 644.080616
913, 1184.869675, 645.255126
914, 597.455084, 1029.091610
915, 622.319775, 1024.560002
916, 634.358251, 1051.360160
917, 609.493560, 1055.891768
918, 615.906667, 1040.225885
919, 552.519227, 1073.608893
920, 539.120941, 1048.180246
921, 567.062585, 1039.376785
922, 580.460872, 1064.805431
923, 559.790906, 1056.492839
924, 1215.030403, 569.360823
925, 1219.184511, 603.229780
926, 1198.438850, 583.941625
927, 1217.260990, 586.282731
928, 509.829123, 999.819862
929, 484.040869, 1013.246174
930, 468.248873, 987.700480
931, 494.037127, 974.274168
932, 489.038998, 993.760171
933, 207.487970, 282.283043
934, 235.959261, 272.967668
935, 242.345630, 294.388620
936, 213.874338, 303.703995
937, 224.916800, 288.335831
938, 726.402049, 68.375649
939, 701.019566, 85.576811
940, 685.562791, 63.245152
941, 706.003418, 65.633255
942, 356.037113, 393.961784
943, 356.059883, 368.954084
944, 384.081966, 388.306467
945, 370.070924, 378.630275
946, 988.005277, 499.900144
947, 1008.011302, 508.985013
948, 1001.000605, 534.960325
949, 980.994580, 525.875455
950, 994.502941, 517.430234
951, 1119.980204, 851.187198
952, 1146.935864, 839.449225
953, 1154.803047, 860.488182
954, 1127.847387, 872.226154
955, 1137.391626, 855.837690
956, 347.244702, 1119.670167
957, 335.953552, 1091.891468
958, 358.607218, 1084.287520
959, 369.898367, 1112.066219
960, 352.925960, 1101.978843
961, 271.928654, 517.261570
962, 250.263701, 510.130332
963, 258.828813, 486.259979
964, 280.493766, 493.391217
965, 265.378734, 501.760775
966, 306.756833, 432.495642
967, 282.592079, 434.738970
968, 284.160209, 412.838818
969, 308.324962, 410.595490
970, 295.458521, 422.667230
971, 939.983066, 902.925210
972, 910.401142, 911.373394
973, 904.725168, 888.908857
974, 934.307092, 880.460673
975, 922.354117, 895.917033
976, 204.978278, 993.857581
977, 204.855465, 966.054465
978, 227.250451, 966.820118
979, 227.373264, 994.623234
980, 216.114364, 980.338850
981, 734.158914, 1007.839666
982, 720.912983, 1026.807441
983, 696.931716, 1013.836040
984, 710.177647, 994.868265
985, 715.545315, 1010.837853
986, 474.988041, 268.448073
987, 491.755579, 287.057008
988, 471.330064, 297.278184
989, 454.562526, 278.669248
990, 473.159052, 282.863128
991, 514.046372, 1057.749480
992, 500.999602, 1034.048111
993, 526.074171, 1024.478877
994, 520.060271, 1041.114178
995, 299.758225, 754.231307
996, 292.336922, 781.849339
997, 271.232548, 772.665096
998, 278.653850, 745.047064
999, 285.495386, 763.448201
1000, 895.792250, 1160.709388
1001, 902.541367, 1136.525531
1002, 931.141590, 1141.739328
1003, 913.544324, 1151.368480
1004, 840.726314, 951.427601
1005, 866.148114, 956.189437
1006, 857.040453, 980.876154
1007, 848.883384, 966.151877
1008, 951.441093, 427.019724
1009, 975.402572, 436.033962
1010, 971.906931, 463.021377
1011, 947.945452, 454.007139
1012, 961.674012, 445.020551
1013, 1088.091795, 916.071425
1014, 1118.305996, 907.700270
1015, 1121.913405, 929.217673
1016, 1091.699204, 937.588827
1017, 1105.002600, 922.644549
1018, 118.408414, 889.068419
1019, 142.159350, 892.521494
1020, 137.859712, 927.904895
1021, 127.989874, 908.564116
1022, 1018.948116, 764.389128
1023, 995.366315, 791.363463
1024, 978.409829, 776.388297
1025, 1001.991630, 749.413962
1026, 998.678972, 770.388713
1027, 200.830820, 260.681470
1028, 176.159747, 292.529992
1029, 188.360624, 276.499664
1030, 681.685386, 249.257700
1031, 653.794685, 256.576845
1032, 639.369485, 229.640466
1033, 667.260185, 222.321321
1034, 660.527435, 239.449083
1035, 768.556228, 123.471866
1036, 757.298867, 104.877568
1037, 777.746285, 95.295626
1038, 789.003646, 113.889924
1039, 773.151256, 109.383746
1040, 100.901513, 486.230828
1041, 124.648472, 468.555718
1042, 138.295991, 486.795543
1043, 114.549032, 504.470653
1044, 119.598752, 486.513185
1045, 985.323301, 195.354263
1046, 989.867740, 220.018603
1047, 964.064105, 220.900065
1048, 959.519666, 196.235725
1049, 974.693703, 208.127164
1050, 512.831812, 91.944757
1051, 533.819133, 104.928516
1052, 517.325578, 124.423702
1053, 496.338257, 111.439942
1054, 515.078695, 108.184229
1055, 256.061814, 1049.651321
1056, 252.396568, 1021.499641
1057, 274.400094, 1018.585378
1058, 278.065341, 1046.737058
1059, 265.230954, 1034.118350
1060, 785.887586, 311.461021
1061, 772.353093, 286.965380
1062, 796.964982, 279.654482
1063, 791.426284, 295.557751
1064, 1140.564926, 783.679926
1065, 1170.955522, 768.544182
1066, 1179.389553, 788.122066
1067, 1148.998957, 803.257810
1068, 1159.977240, 785.900996
1069, 1132.449383, 541.771703
1070, 1155.191243, 557.959803
1071, 1140.482142, 582.002535
1072, 1117.740281, 565.814435
1073, 1136.465762, 561.887119
1074, 972.465141, 1048.064215
1075, 1002.916444, 1048.385088
1076, 999.014858, 1073.295363
1077, 968.563556, 1072.974490
1078, 985.740000, 1060.679789
1079, 418.503051, 272.240147
1080, 440.932450, 260.951438
1081, 432.133127, 289.957957
1082, 436.532789, 275.454698
1083, 1028.012353, 521.082204
1084, 1043.438294, 533.922320
1085, 1033.897714, 551.481555
1086, 1018.471773, 538.641438
1087, 1030.955034, 536.281879
1088, 1208.258571, 530.251633
1089, 1184.099709, 512.944811
1090, 1199.228506, 490.668479
1091, 1203.903815, 510.423418
1092, 825.024952, 1133.824309
1093, 847.190513, 1149.140440
1094, 834.613906, 1166.538367
1095, 812.448345, 1151.222235
1096, 829.819429, 1150.181338
1097, 929.456115, 392.661521
1098, 955.408832, 405.095058
1099, 925.488377, 414.586187
1100, 940.448604, 409.840622
1101, 574.769772, 100.318965
1102, 588.372124, 78.904210
1103, 606.661932, 88.454149
1104, 593.059580, 109.868904
1105, 590.715852, 94.386557
1106, 126.173951, 414.105266
1107, 150.600057, 399.980632
1108, 160.838020, 419.313938
1109, 136.411914, 433.438572
1110, 143.505986, 416.709602
1111, 385.195076, 924.008724
1112, 414.707120, 930.744830
1113, 411.717372, 959.326898
1114, 382.205329, 952.590792
1115, 398.456224, 941.667811
1116, 331.831453, 425.967853
1117, 333.000010, 452.017279
1118, 307.925390, 458.545068
1119, 319.878421, 442.256461
1120, 543.703581, 1197.350611
1121, 524.083275, 1182.555457
1122, 538.059099, 1166.752372
1123, 557.679405, 1181.547526
1124, 540.881340, 1182.051491
1125, 422.249210, 993.861298
1126, 447.770167, 997.778597
1127, 445.440920, 1019.992863
1128, 419.919962, 1016.075565
1129, 433.845065, 1006.927081
1130, 256.635049, 603.171063
1131, 273.702385, 626.997455
1132, 255.477902, 645.519257
1133, 238.410566, 621.692864
1134, 256.056475, 624.345160
1135, 587.452270, 247.942592
1136, 615.286813, 262.216089
1137, 603.675196, 280.522817
1138, 575.840654, 266.249320
1139, 595.563733, 264.232705
1140, 534.473385, 988.508973
1141, 550.718433, 1013.167987
1142, 530.273778, 1006.493925
1143, 242.574528, 582.204506
1144, 267.168951, 559.961180
1145, 281.229473, 580.927736
1146, 261.902000, 581.566121
1147, 563.023192, 286.155316
1148, 530.693661, 271.420446
1149, 543.511123, 251.514450
1150, 553.267158, 268.834883
1151, 678.089909, 983.938983
1152, 722.329577, 976.279469
1153, 700.239078, 980.260043
1154, 258.129903, 462.485594
1155, 258.872219, 435.175589
1156, 281.849764, 462.048975
1157, 270.360991, 448.612282
1158, 877.729346, 922.426296
1159, 843.844407, 927.554753
1160, 873.833403, 897.040797
1161, 859.060967, 912.578548
1162, 220.521952, 325.916992
1163, 191.051229, 336.149545
1164, 184.403614, 313.936548
1165, 202.462783, 319.926770
1166, 1174.396680, 732.972457
1167, 1189.946615, 751.408759
1168, 1155.405587, 750.107881
1169, 1172.676101, 750.758320
1170, 715.257499, 240.844557
1171, 730.995208, 270.681365
1172, 697.423095, 279.094508
1173, 706.340297, 259.969533
1174, 504.445518, 262.678266
1175, 518.003722, 295.799189
1176, 511.224620, 279.238727
1177, 564.155408, 237.632827
1178, 575.034910, 216.371371
1179, 598.331772, 226.681136
1180, 581.243590, 232.156982
1181, 409.748769, 152.584842
1182, 377.679181, 165.852361
1183, 369.290902, 143.668989
1184, 401.360489, 130.401470
1185, 389.519835, 148.126916
1186, 408.627398, 897.951695
1187, 440.551732, 929.064897
1188, 424.407352, 913.738118
1189, 996.194309, 563.193936
1190, 985.966956, 593.629828
1191, 974.239528, 554.490828
1192, 980.420426, 574.006396
1193, 288.454499, 535.224674
1194, 312.868795, 514.968770
1195, 303.247584, 558.646358
1196, 307.792695, 536.724490
1197, 999.387323, 652.324566
1198, 981.796822, 678.426084
1199, 985.233402, 637.998811
1200, 983.802257, 658.233228
1201, 856.202155, 352.471081
1202, 867.378276, 380.265460
1203, 834.980583, 355.871114
1204, 851.371524, 367.829794
1205, 357.572552, 418.852498
1206, 383.084689, 410.696799
1207, 358.040383, 442.117354
1208, 370.328556, 426.218502
1209, 629.563795, 1006.572903
1210, 601.725795, 988.624075
1211, 644.243444, 986.077942
1212, 622.966375, 987.593262
1213, 746.063219, 295.203414
1214, 763.972092, 318.343352
1215, 723.825506, 304.545886
1216, 743.986322, 311.169984
1217, 925.654569, 446.303787
1218, 901.182007, 408.815666
1219, 913.657115, 427.378745
1220, 1167.601943, 824.562039
1221, 1128.332879, 818.144996
1222, 1147.967411, 821.353518
1223, 577.464041, 1165.308002
1224, 595.266229, 1183.211449
1225, 575.481593, 1199.450972
1226, 576.472817, 1182.379487
1227, 479.122779, 948.219483
1228, 516.665351, 964.286005
1229, 497.760024, 956.535994
1230, 1138.230245, 479.673390
1231, 1151.759177, 457.695826
1232, 1174.625891, 474.157104
1233, 1161.096960, 496.134669
1234, 1156.428068, 476.915247
1235, 361.416640, 893.614487
1236, 339.035666, 892.468161
1237, 337.548705, 865.366539
1238, 359.929679, 866.512864
1239, 349.482673, 879.490513
1240, 919.532890, 933.484582
1241, 886.861094, 944.537484
1242, 898.631118, 927.955439
1243, 1013.665477, 566.875050
1244, 1007.333041, 550.917687
1245, 1017.636812, 795.722030
1246, 1008.371172, 818.152178
1247, 986.100676, 813.793611
1248, 1001.868744, 804.757820
1249, 1188.455779, 451.946355
1250, 1163.764024, 436.760175
1251, 1175.339428, 414.574514
1252, 1182.104830, 433.181718
1253, 245.405936, 700.401039
1254, 236.523836, 722.459702
1255, 220.066727, 714.493878
1256, 228.948827, 692.435216
1257, 232.736332, 707.447459
1258, 720.312255, 113.623340
1259, 694.143046, 129.033031
1260, 674.850357, 100.986502
1261, 697.581306, 107.304921
1262, 623.690631, 1081.342018
1263, 659.171830, 1070.225682
1264, 674.197729, 1099.537316
1265, 638.716530, 1110.653652
1266, 648.944180, 1090.439667
1267, 231.112463, 648.549984
1268, 254.243164, 668.116452
1269, 229.877725, 671.147179
1270, 242.677813, 658.333218
1271, 709.040811, 220.589314
1272, 738.061312, 218.866581
1273, 744.278001, 239.121824
1274, 726.659406, 229.855569
1275, 1046.878856, 659.416528
1276, 1067.159174, 676.527097
1277, 1049.177827, 702.054288
1278, 1028.897509, 684.943719
1279, 1048.028341, 680.735408
1280, 290.737882, 846.862964
1281, 284.262507, 826.456480
1282, 304.740628, 816.568905
1283, 311.216003, 836.975389
1284, 297.739255, 831.715934
1285, 581.110931, 1002.882813
1286, 574.086758, 1021.129799
1287, 742.426305, 1043.204246
1288, 752.468978, 1021.361002
1289, 775.390085, 1029.282431
1290, 765.347412, 1051.125675
1291, 758.908195, 1036.243338
1292, 594.657943, 1090.255681
1293, 602.075751, 1073.073724
1294, 862.094272, 1003.631510
1295, 859.732337, 1029.785836
1296, 827.423717, 1028.610803
1297, 844.758994, 1016.121156
1298, 1036.917721, 434.796867
1299, 1060.204512, 450.492681
1300, 1048.750490, 474.828340
1301, 1025.463698, 459.132526
1302, 1042.834105, 454.812603
1303, 1060.450942, 640.392307
1304, 1068.048081, 612.511842
1305, 1086.910881, 618.256976
1306, 1079.313742, 646.137441
1307, 1073.680911, 629.324642
1308, 993.107763, 886.016504
1309, 1010.880754, 860.551055
1310, 1028.865048, 871.290466
1311, 1011.092057, 896.755914
1312, 1010.986406, 878.653485
1313, 643.970019, 199.936480
1314, 666.573450, 185.424304
1315, 689.863616, 207.809145
1316, 666.916817, 203.872813
1317, 375.480806, 982.442611
1318, 349.781344, 974.097748
1319, 356.505867, 944.245929
1320, 365.993336, 963.344270
1321, 1007.603269, 415.288400
1322, 1021.020024, 389.344527
1323, 1050.334475, 408.852994
1324, 1028.968872, 412.070697
1325, 218.094141, 618.264357
1326, 189.776527, 618.476673
1327, 193.202020, 591.416237
1328, 221.519634, 591.203921
1329, 205.648080, 604.840297
1330, 153.545280, 325.233756
1331, 164.714989, 308.787533
1332, 1192.256804, 551.524584
1333, 1211.843617, 549.775801
1334, 123.557746, 784.092348
1335, 140.020155, 809.221457
1336, 120.964830, 825.965149
1337, 104.502420, 800.836040
1338, 122.261288, 805.028749
1339, 1193.995528, 471.262213
1340, 824.785777, 1055.208988
1341, 796.843566, 1053.912126
1342, 799.481505, 1027.313941
1343, 812.133641, 1041.261464
1344, 765.241813, 73.839425
1345, 740.339950, 89.937809
1346, 745.855447, 70.931888
1347, 278.257453, 873.575981
1348, 297.691720, 893.010742
1349, 284.049018, 907.837931
1350, 264.614751, 888.403170
1351, 281.153236, 890.706956
1352, 996.958783, 367.855217
1353, 1016.477281, 346.335910
1354, 1040.538522, 367.825220
1355, 1018.748652, 367.840219
1356, 704.894538, 1087.654920
1357, 714.557603, 1114.743390
1358, 683.860794, 1126.625785
1359, 694.377666, 1107.140353
1360, 974.614804, 378.951277
1361, 954.873550, 349.234674
1362, 977.217528, 338.138614
1363, 975.916166, 358.544945
1364, 238.327256, 433.140536
1365, 233.351301, 467.481677
1366, 205.854983, 464.358843
1367, 210.830937, 430.017701
1368, 222.091119, 448.749689
1369, 597.287765, 188.853227
1370, 568.300105, 196.749686
1371, 555.998453, 171.276414
1372, 584.986114, 163.379955
1373, 576.643109, 180.064820
1374, 220.434993, 509.110487
1375, 206.970676, 539.831491
1376, 185.773074, 527.668916
1377, 199.237391, 496.947912
1378, 203.104034, 518.389701
1379, 538.129336, 200.648476
1380, 508.249791, 208.264873
1381, 496.562351, 182.307485
1382, 526.441895, 174.691088
1383, 517.345843, 191.477980
1384, 1067.505029, 275.146469
1385, 1065.054330, 299.252174
1386, 1039.700007, 295.077953
1387, 1042.150706, 270.972248
1388, 1053.602518, 285.112211
1389, 323.655524, 952.495158
1390, 336.684013, 995.090668
1391, 310.558193, 973.488078
1392, 330.169768, 973.792913
1393, 938.630915, 324.581711
1394, 920.158249, 299.479371
1395, 939.428508, 288.226950
1396, 957.901173, 313.329290
1397, 939.029711, 306.404330
1398, 704.542440, 187.508388
1399, 723.719635, 200.288557
1400, 706.791625, 204.048851
1401, 906.943007, 313.325776
1402, 885.314182, 291.456653
1403, 898.529425, 277.610247
1404, 902.736216, 295.468012
1405, 199.910405, 562.844226
1406, 166.956537, 589.140272
1407, 173.664923, 560.568261
1408, 183.433471, 575.992249
1409, 1102.272593, 655.024709
1410, 1090.118025, 685.414365
1411, 1084.715883, 665.775903
1412, 943.527244, 927.115539
1413, 947.867423, 945.532538
1414, 923.873068, 951.901581
1415, 933.700156, 939.508560
1416, 271.731605, 853.556339
1417, 241.074856, 860.630354
1418, 234.362370, 832.728006
1419, 265.019118, 825.653991
1420, 253.046987, 843.142172
1421, 852.733491, 263.874942
1422, 832.916413, 236.622060
1423, 857.281388, 225.371560
1424, 877.098466, 252.624441
1425, 855.007440, 244.623251
1426, 210.796038, 645.121477
1427, 206.160394, 670.820993
1428, 185.279007, 667.313127
1429, 189.914652, 641.613612
1430, 198.037523, 656.217302
1431, 1042.573352, 852.410611
1432, 1062.675584, 867.287867
1433, 1048.967281, 886.167721
1434, 1045.770316, 869.289166
1435, 361.481733, 287.718283
1436, 368.380971, 267.177254
1437, 387.640554, 271.241010
1438, 380.741316, 291.782039
1439, 374.561144, 279.479647
1440, 1100.005684, 592.320909
1441, 1125.454204, 606.316596
1442, 1112.359401, 632.252663
1443, 1106.182542, 612.286786
1444, 808.735137, 246.186261
1445, 793.267422, 221.858578
1446, 817.448697, 212.294377
1447, 813.091917, 229.240319
1448, 487.874349, 1064.568802
1449, 465.476676, 1068.718776
1450, 460.755677, 1049.832846
1451, 483.153350, 1045.682872
1452, 474.315013, 1057.200824
1453, 330.173040, 312.880051
1454, 335.329736, 286.343856
1455, 356.325037, 314.254478
1456, 345.827386, 300.299167
1457, 203.976520, 727.185950
1458, 189.141289, 704.801102
1459, 205.231496, 692.109030
1460, 204.604008, 709.647490
1461, 522.971710, 1080.865313
1462, 496.799688, 1087.684635
1463, 505.423030, 1072.717057
1464, 1078.312166, 573.980511
1465, 1096.046763, 547.474037
1466, 1098.026224, 569.897473
1467, 1065.171165, 776.285954
1468, 1081.207351, 797.761919
1469, 1061.876365, 817.076100
1470, 1045.840179, 795.600135
1471, 1063.523765, 796.681027
1472, 770.098485, 231.324843
1473, 755.499655, 208.612488
1474, 778.668592, 199.146224
1475, 774.383538, 215.235533
1476, 563.065210, 1102.390664
1477, 533.517693, 1109.647084
1478, 543.018460, 1091.627988
1479, 203.774836, 769.523135
1480, 185.026270, 744.797160
1481, 222.725086, 751.911925
1482, 203.875678, 748.354543
1483, 289.457044, 344.426072
1484, 297.069721, 309.979399
1485, 322.560363, 347.326723
1486, 309.815042, 328.653061
1487, 609.326428, 1115.255447
1488, 577.733695, 1127.390430
1489, 586.195819, 1108.823055
1490, 1075.646270, 529.811824
1491, 1090.036411, 507.212415
1492, 1110.436904, 524.874628
1493, 1093.041587, 527.343226
1494, 1069.101699, 490.299351
1495, 1082.049458, 468.056401
1496, 1102.984170, 484.969465
1497, 1086.042934, 487.634408
1498, 741.157978, 190.034465
1499, 739.609645, 204.450523
1500, 250.420041, 376.057158
1501, 257.738196, 341.622541
1502, 282.138890, 378.860688
1503, 269.938543, 360.241615
1504, 238.274210, 794.603553
1505, 210.592111, 829.620072
1506, 214.503952, 791.495620
1507, 224.433161, 812.111813
1508, 900.520979, 867.656157
1509, 887.345653, 882.517998
1510, 1073.625925, 428.039524
1511, 1095.470871, 445.603244
1512, 1077.837692, 448.047962
1513, 220.443821, 403.552553
1514, 225.963837, 375.379467
1515, 244.900026, 404.230244
1516, 235.431931, 389.804855
1517, 882.468498, 1033.093716
1518, 875.415093, 1058.497838
1519, 852.678932, 1055.189958
1520, 867.573715, 1044.141837
1521, 970.849542, 894.968470
1522, 974.393720, 919.158799
1523, 957.188393, 911.042005
1524, 651.519259, 167.165177
1525, 670.174610, 156.354075
1526, 685.228800, 174.613203
1527, 668.374030, 170.889190
1528, 951.580978, 798.260081
1529, 964.547812, 756.906424
1530, 958.309003, 777.696079
1531, 645.920034, 1131.847054
1532, 616.529931, 1136.448849
1533, 627.623231, 1123.551250
1534, 295.868378, 599.167783
1535, 299.291156, 578.854575
1536, 553.738297, 304.585257
1537, 510.396906, 316.333066
1538, 531.982533, 310.177748
1539, 961.682790, 517.671807
1540, 968.242759, 535.996341
1541, 633.858747, 294.746870
1542, 594.051372, 297.585175
1543, 613.942011, 295.866450
1544, 676.869911, 292.358394
1545, 700.402703, 298.172581
1546, 306.571111, 725.291330
1547, 318.360086, 762.951923
1548, 312.179731, 744.208395
1549, 276.301358, 674.315053
1550, 290.332050, 644.054899
1551, 297.791034, 686.178363
1552, 293.759215, 665.129831
1553, 333.121338, 834.609672
1554, 332.915490, 803.655777
1555, 357.252741, 837.539960
1556, 344.837081, 820.743406
1557, 443.954826, 339.436340
1558, 474.445509, 338.249869
1559, 442.933914, 357.898989
1560, 458.537515, 347.813487
1561, 753.095244, 989.842465
1562, 764.848423, 968.720557
1563, 743.669152, 972.776371
1564, 850.783401, 1081.569744
1565, 822.890246, 1081.588775
1566, 837.784589, 1068.389366
1567, 521.562298, 155.136465
1568, 551.118856, 151.721792
1569, 538.780376, 163.206440
1570, 284.837349, 952.164603
1571, 263.525474, 929.558600
1572, 305.360893, 930.443934
1573, 284.443183, 930.001267
1574, 245.967715, 906.851245
1575, 222.427819, 879.078428
1576, 243.521285, 883.740799
1577, 646.797582, 274.648370
1578, 655.386899, 293.256543
1579, 191.864483, 425.530965
1580, 201.477367, 399.065817
1581, 206.154152, 414.541759
1582, 335.526287, 476.227780
1583, 346.524051, 459.011273
1584, 292.800257, 621.588006
1585, 556.433592, 977.138560
1586, 536.453701, 971.005237
1587, 929.924573, 857.234245
1588, 925.608389, 835.855419
1589, 913.311578, 851.954217
1590, 1034.150701, 832.193869
1591, 1070.299016, 837.292842
1592, 1052.224858, 834.743356
1593, 175.228021, 489.991139
1594, 181.845613, 457.402070
1595, 190.541502, 477.174991
1596, 1068.040656, 384.110213
1597, 1091.332106, 403.296742
1598, 1070.833290, 406.074868
1599, 958.160638, 820.304877
1600, 938.862820, 817.221588
1601, 800.680113, 335.114156
1602, 817.992688, 345.230121
1603, 288.321228, 716.085132
1604, 301.863943, 705.789102
1605, 573.840736, 300.768060
1606, 977.657255, 302.268311
1607, 996.973610, 327.077635
1608, 977.437392, 320.203462
1609, 625.840444, 176.612669
1610, 611.857256, 154.350079
1611, 637.536071, 144.902587
1612, 631.688258, 160.757628
1613, 822.395397, 1112.632916
1614, 793.196579, 1112.815180
1615, 793.691428, 1081.771039
1616, 808.043412, 1097.201977
1617, 579.020092, 983.188481
1618, 1106.503042, 743.267413
1619, 1097.491947, 766.520022
1620, 1079.890688, 760.536835
1621, 1088.901783, 737.284226
1622, 1093.196865, 751.902124
1623, 153.384276, 556.378847
1624, 165.492427, 523.479502
1625, 169.578675, 542.023882
1626, 572.340944, 137.899405
1627, 599.212086, 128.869529
1628, 592.099100, 146.124742
1629, 452.753940, 958.114717
1630, 459.694934, 938.869662
1631, 475.992654, 315.796558
1632, 492.307745, 327.029732
1633, 945.660235, 481.268421
1634, 966.064680, 489.941285
1635, 953.933223, 499.356809
1636, 1002.990551, 607.231355
1637, 985.894101, 615.801440
1638, 935.918432, 463.634030
1639, 782.455162, 326.446885
1640, 994.426706, 692.684282
1641, 975.004387, 717.704838
1642, 978.711718, 698.126671
1643, 987.259455, 732.773524
1644, 970.059814, 737.399355
1645, 436.112895, 205.500020
1646, 465.024852, 194.319725
1647, 479.729065, 217.607623
1648, 450.817108, 228.787917
1649, 457.920980, 211.553821
1650, 900.080125, 234.397082
1651, 921.511084, 259.382888
1652, 899.304775, 256.003665
1653, 306.569393, 489.887310
1654, 323.894417, 495.460305
1655, 385.436174, 896.820736
1656, 381.808952, 868.559690
1657, 394.979681, 883.488298
1658, 411.293303, 382.233130
1659, 396.976142, 396.245821
1660, 296.453477, 989.573766
1661, 270.732633, 968.250291
1662, 290.645413, 970.869185
1663, 804.034708, 948.330765
1664, 824.115000, 938.247670
1665, 893.070508, 378.668441
1666, 884.499401, 394.327811
1667, 784.547084, 958.779748
1668, 888.450192, 998.345384
1669, 919.737494, 982.405683
1670, 932.347410, 1004.407624
1671, 901.060108, 1020.347325
1672, 910.398801, 1001.376504
1673, 1131.174403, 640.407705
1674, 1121.087595, 663.179752
1675, 1116.723498, 647.716207
1676, 372.160048, 1046.148130
1677, 354.724764, 1017.685670
1678, 373.634215, 1005.948683
1679, 391.069498, 1034.411142
1680, 372.897131, 1026.048406
1681, 1094.533745, 843.676615
1682, 1086.910314, 873.671640
1683, 1078.604665, 855.482241
1684, 403.372581, 258.465349
1685, 380.538589, 239.547988
1686, 402.673912, 221.557653
1687, 425.507905, 240.475014
1688, 403.023247, 240.011501
1689, 440.001979, 1044.944773
1690, 439.844598, 1071.454253
1691, 410.987323, 1068.494753
1692, 411.144704, 1041.985273
1693, 425.494651, 1056.719763
1694, 939.501209, 970.369189
1695, 904.109353, 963.938075
1696, 921.805281, 967.153632
1697, 671.462426, 1000.222401
1698, 661.195374, 985.510614
1699, 1033.950544, 904.150146
1700, 1024.286640, 926.369225
1701, 1001.428153, 918.974992
1702, 1017.689349, 911.562569
1703, 1124.743720, 501.817209
1704, 1146.756198, 518.714284
1705, 1128.596551, 521.794456
1706, 248.838396, 943.806064
1707, 231.280637, 921.098708
1708, 247.403055, 925.328654
1709, 615.417341, 212.177038
1710, 620.628892, 194.394853
1711, 959.897489, 1021.114878
1712, 936.099083, 1026.937285
1713, 956.145816, 998.585216
1714, 946.122450, 1012.761251
1715, 432.275234, 968.192834
1716, 450.262053, 977.946657
1717, 444.483630, 303.414734
1718, 449.146220, 321.933108
1719, 460.238142, 309.605646
1720, 294.209578, 475.968143
1721, 1119.171016, 779.392515
1722, 1102.886420, 810.634413
1723, 1100.189183, 788.577217
1724, 1166.240584, 598.407885
1725, 1151.212646, 622.721946
1726, 1145.847394, 602.362240
1727, 387.821085, 196.974253
1728, 421.260068, 180.916620
1729, 411.966990, 201.237137
1730, 1169.758947, 535.524426
1731, 1165.427953, 515.829548
1732, 961.310277, 277.887747
1733, 976.427823, 267.008164
1734, 992.774802, 291.388727
1735, 977.042539, 284.638237
1736, 1134.011677, 745.820470
1737, 1137.288301, 764.750198
1738, 1118.818426, 686.440477
1739, 1113.744165, 714.427699
1740, 1085.043764, 713.401586
1741, 1101.931095, 699.921032
1742, 1141.252799, 716.980756
1743, 1123.877921, 730.124085
1744, 163.976789, 644.385100
1745, 163.838664, 621.248162
1746, 176.876658, 631.430887
1747, 1013.119666, 315.700552
1748, 1032.623337, 334.958827
1749, 1014.798474, 331.018231
1750, 917.840743, 1039.121552
1751, 899.249133, 1051.867944
1752, 900.154620, 1036.107634
1753, 1186.990334, 608.389550
1754, 1177.689100, 573.959961
1755, 1182.339717, 591.174755
1756, 355.795084, 340.364949
1757, 322.825161, 375.915858
1758, 339.310123, 358.140404
1759, 451.352957, 170.269150
1760, 482.890456, 158.256910
1761, 473.957654, 176.288317
1762, 879.045760, 215.008335
1763, 893.564640, 202.137114
1764, 914.599005, 221.525861
1765, 896.822383, 218.267098
1766, 190.868226, 803.798356
1767, 180.139110, 781.825872
1768, 197.321531, 786.660746
1769, 337.832225, 1035.188478
1770, 319.791473, 1012.593476
1771, 337.258119, 1015.139573
1772, 943.392853, 249.043686
1773, 941.410680, 268.635318
1774, 701.588311, 150.157610
1775, 720.901950, 163.052795
1776, 703.065375, 168.832999
1777, 141.487895, 621.109049
1778, 144.605769, 589.001159
1779, 154.222216, 605.124660
1780, 1111.433312, 830.910805
1781, 170.098283, 683.210562
1782, 148.796064, 660.282535
1783, 167.037536, 663.797831
1784, 840.868754, 202.646280
1785, 862.633126, 192.283055
1786, 859.957257, 208.827307
1787, 341.895000, 261.322882
1788, 354.052618, 233.693616
1789, 361.216794, 250.435435
1790, 470.694388, 1092.425079
1791, 445.062310, 1095.160557
1792, 455.269493, 1081.939666
1793, 536.837375, 1130.549968
1794, 507.614813, 1131.422923
1795, 504.295131, 1110.520039
1796, 520.566253, 1120.535004
1797, 478.189831, 1115.260483
1798, 487.494759, 1101.472559
1799, 275.877322, 305.025513
1800, 288.357119, 279.418457
1801, 309.549518, 284.372344
1802, 292.713420, 294.698928
1803, 316.114782, 259.351370
1804, 325.722259, 272.847613
1805, 169.222604, 723.379182
1806, 150.179598, 701.788642
1807, 169.660444, 703.294872
1808, 906.193363, 1073.539380
1809, 882.359323, 1080.169274
1810, 890.804228, 1066.018609
1811, 802.384848, 189.216945
1812, 825.804905, 179.568847
1813, 821.626801, 195.931612
1814, 165.937840, 759.274861
1815, 150.134175, 737.856883
1816, 167.580222, 741.327021
1817, 763.652619, 176.190176
1818, 787.368874, 166.260897
1819, 783.018733, 182.703561
1820, 193.415757, 843.999733
1821, 173.691872, 818.178016
1822, 192.141992, 823.899044
1823, 1116.470694, 462.825646
1824, 1120.607207, 482.321427
1825, 662.729345, 135.229496
1826, 682.158828, 142.693553
1827, 224.515133, 351.861297
1828, 253.745014, 315.678236
1829, 239.130074, 333.769767
1830, 198.717288, 381.201113
1831, 197.268584, 357.682943
1832, 211.616211, 366.531205
1833, 743.396591, 149.208506
1834, 742.277284, 169.621486
1835, 881.703104, 1105.684765
1836, 850.127182, 1107.085236
1837, 866.243253, 1093.627255
1838, 599.255156, 1148.955448
1839, 555.942580, 1143.742983
1840, 577.598868, 1146.349216
1841, 852.756738, 1128.276629
1842, 837.576067, 1120.454772
1843, 619.478797, 104.398701
1844, 625.631303, 123.399327
1845, 609.345441, 116.634115
1846, 213.261336, 913.752533
1847, 189.058433, 904.400547
1848, 198.224917, 869.726442
1849, 205.743126, 891.739488
1850, 650.824577, 113.726236
1851, 644.180324, 129.314411
1852, 267.464131, 706.599641
1853, 260.853647, 687.358046
1854, 969.260974, 947.807693
1855, 960.894760, 972.644344
1856, 954.381091, 959.088441
1857, 996.295406, 947.623886
1858, 985.344563, 933.391343
1859, 705.014180, 1146.959369
1860, 685.586379, 1164.163716
1861, 664.432992, 1143.830133
1862, 684.723586, 1145.394751
1863, 737.271172, 128.563098
1864, 738.805561, 109.250454
1865, 544.864142, 220.270161
1866, 524.219857, 234.151784
1867, 544.187632, 235.892306
1868, 1053.480372, 923.242096
1869, 1051.351002, 945.115641
1870, 1022.157270, 948.242770
1871, 1037.818821, 935.742433
1872, 1106.505000, 884.483394
1873, 1068.497108, 905.259671
1874, 1087.501054, 894.871532
1875, 990.283720, 973.045200
1876, 985.534776, 998.986072
1877, 973.214768, 985.815208
1878, 116.836684, 704.710940
1879, 103.305652, 729.125901
1880, 83.976909, 715.791606
1881, 97.507941, 691.376644
1882, 100.406797, 710.251273
1883, 1002.177679, 446.839273
1884, 980.828163, 404.483089
1885, 991.502921, 425.661181
1886, 958.118165, 848.684778
1887, 962.500684, 871.911206
1888, 946.212628, 864.572726
1889, 121.816001, 736.413297
1890, 114.259142, 763.344624
1891, 95.748793, 756.057227
1892, 108.782397, 746.235262
1893, 705.090142, 1180.611736
1894, 688.265180, 1199.239289
1895, 668.761417, 1182.791269
1896, 686.925780, 1181.701503
1897, 1009.397095, 708.693290
1898, 1024.129270, 725.333729
1899, 1005.694363, 729.053626
1900, 637.364258, 92.645082
1901, 661.390038, 79.905348
1902, 656.107307, 96.815792
1903, 677.406639, 1055.772877
1904, 685.306370, 1032.533895
1905, 707.767984, 1042.440521
1906, 699.868253, 1065.679503
1907, 692.587312, 1049.106699
1908, 224.603302, 633.407171
1909, 1220.163746, 620.869684
1910, 1203.577040, 614.629617
1911, 1051.223826, 904.704909
1912, 426.932502, 369.827313
1913, 388.080696, 310.911502
1914, 371.937890, 325.638226
1915, 1016.145584, 973.664083
1916, 1006.220495, 960.643985
1917, 401.691348, 984.995362
1918, 416.983291, 976.594098
1919, 384.651695, 1073.399946
1920, 346.115570, 1057.035703
1921, 365.383633, 1065.217825
1922, 158.714252, 962.219094
1923, 182.411336, 963.058029
1924, 181.261058, 994.390275
1925, 169.837801, 978.414244
1926, 864.567712, 291.440900
1927, 822.594553, 271.194392
1928, 843.581132, 281.317646
1929, 883.396374, 975.590028
1930, 885.128734, 960.063756
1931, 136.526643, 752.168210
1932, 135.423532, 722.101970
1933, 135.975088, 737.135090
1934, 909.807805, 1109.715156
1935, 874.436666, 1132.495141
1936, 892.122236, 1121.105148
1937, 915.017424, 371.941345
1938, 934.756782, 358.843070
1939, 949.195473, 379.563246
1940, 932.106449, 375.752295
1941, 1013.927119, 668.934711
1942, 1011.662107, 688.814001
1943, 631.496165, 1153.873020
1944, 614.221390, 1166.379619
1945, 615.375661, 1151.414234
1946, 217.554610, 681.628104
1947, 1107.166881, 367.836044
1948, 1080.279106, 359.915711
1949, 1085.774887, 330.471748
1950, 1096.470884, 349.153896
1951, 837.211217, 148.751074
1952, 825.804989, 126.416803
1953, 851.317662, 118.248458
1954, 862.723890, 140.582728
1955, 844.264440, 133.499766
1956, 1042.942424, 570.293198
1957, 1022.710187, 585.686693
1958, 1028.303950, 568.584124
1959, 1173.724023, 554.742193
1960, 119.632989, 863.248492
1961, 105.837278, 839.545913
1962, 134.760541, 849.667729
1963, 120.298909, 844.606821
1964, 161.934493, 930.368450
1965, 148.135660, 945.157065
1966, 439.841658, 141.937372
1967, 430.550863, 161.426996
1968, 330.296013, 401.077139
1969, 343.934283, 409.964818
1970, 145.825247, 772.915934
1971, 130.042195, 768.130279
1972, 868.870442, 1153.358952
1973, 860.813590, 1140.817791
1974, 402.771024, 285.015808
1975, 403.071802, 271.740579
1976, 300.854110, 385.434210
1977, 315.575062, 393.255674
1978, 369.300078, 853.224244
1979, 69.665135, 743.440541
1980, 82.706804, 784.687645
1981, 76.025755, 764.100730
1982, 83.691484, 560.715346
1983, 105.408820, 540.640974
1984, 119.498086, 556.399548
1985, 97.780750, 576.473920
1986, 101.594785, 558.557447
1987, 153.685510, 831.932529
1988, 160.026517, 795.466945
1989, 156.856014, 813.699737
1990, 519.681064, 1210.108773
1991, 552.756617, 1214.971817
1992, 536.185335, 1212.715956
1993, 131.592749, 684.397611
1994, 133.508141, 703.249791
1995, 1129.841683, 442.145075
1996, 1141.846531, 421.209425
1997, 1146.802854, 439.452625
1998, 88.750699, 827.736152
1999, 85.575309, 806.257133
2000, 1147.081851, 661.766376
2001, 1149.147249, 642.244161
2002, 936.443383, 1117.572127
2003, 917.846867, 1090.352762
2004, 944.482444, 1098.209733
2005, 927.145125, 1103.962445
2006, 591.817956, 1218.441725
2007, 572.266373, 1216.882904
2008, 265.444989, 406.265297
2009, 283.149550, 395.849753
2010, 569.107568, 63.628711
2011, 550.987189, 84.719040
2012, 529.939122, 70.062505
2013, 549.492905, 66.646469
2014, 981.494543, 170.070633
2015, 1012.845438, 194.889357
2016, 997.276205, 182.346065
2017, 1042.292530, 221.181079
2018, 1014.905968, 220.120999
2019, 1027.665729, 207.927386
2020, 914.582163, 127.577629
2021, 887.487495, 133.846940
2022, 878.679648, 110.307658
2023, 896.710680, 118.780622
2024, 1108.212470, 985.190931
2025, 1102.928323, 961.681765
2026, 1129.385652, 952.701364
2027, 1118.937325, 969.041037
2028, 262.329557, 1080.344433
2029, 283.858882, 1074.874928
2030, 292.481437, 1105.029702
2031, 277.299419, 1092.821646
2032, 1069.753336, 249.558112
2033, 1042.297594, 246.559637
2034, 1056.155521, 235.239637
2035, 1057.371007, 1044.758629
2036, 1057.636489, 1020.358589
2037, 1084.398554, 1015.926932
2038, 1071.007981, 1030.453763
2039, 99.038656, 431.155954
2040, 112.342674, 449.652682
2041, 86.341248, 468.263513
2042, 92.538279, 449.658763
2043, 935.893319, 223.244153
2044, 971.563638, 246.699598
2045, 953.728479, 234.971875
2046, 114.411898, 394.435364
2047, 106.566870, 412.730894
2048, 841.169294, 95.224501
2049, 859.989246, 102.607664
2050, 1038.177059, 744.811035
2051, 1052.364112, 761.163353
2052, 1033.135169, 780.741446
2053, 1035.656114, 762.776241
2054, 75.875394, 506.856880
2055, 91.320779, 523.384970
2056, 67.719144, 545.242576
2057, 71.621614, 526.016217
2058, 1082.153542, 992.017038
2059, 1096.440076, 1000.665022
2060, 490.839996, 78.501246
2061, 510.352922, 74.121637
2062, 233.455361, 1053.485083
2063, 247.781498, 1067.037962
2064, 168.745484, 368.156520
2065, 162.528128, 346.623122
2066, 179.898356, 352.153032
2067, 156.321222, 505.762252
2068, 157.202791, 471.024430
2069, 156.762006, 488.393341
2070, 872.745323, 989.610769
2071, 80.938237, 487.515338
2072, 132.381829, 359.683321
2073, 142.763652, 379.876201
2074, 123.234838, 376.979573
2075, 889.301632, 320.790171
2076, 918.514147, 334.190107
2077, 900.872773, 341.654501
2078, 903.907890, 327.490139
2079, 62.014120, 584.546095
2080, 78.470449, 598.404201
2081, 59.121293, 623.629071
2082, 60.384593, 604.078838
2083, 206.555697, 1025.092646
2084, 229.711812, 1022.723229
2085, 219.882952, 1039.408018
2086, 142.795392, 342.359832
2087, 1201.190594, 678.093785
2088, 1186.703587, 697.736443
2089, 1167.282775, 684.123456
2090, 1184.236684, 681.108621
2091, 193.773206, 1009.856121
2092, 297.263731, 866.882605
2093, 284.497668, 860.219472
2094, 396.321386, 1167.113224
2095, 417.909877, 1157.844124
2096, 433.093021, 1183.461865
2097, 414.642448, 1175.445941
2098, 954.233496, 172.380119
2099, 948.914893, 147.638772
2100, 965.303845, 158.710563
2101, 64.689493, 564.873344
2102, 476.498569, 101.707480
2103, 454.088775, 90.155996
2104, 472.419163, 84.175201
2105, 1090.657866, 305.868695
2106, 1094.995587, 279.957749
2107, 1106.711859, 296.067522
2108, 381.992085, 1139.612121
2109, 359.931098, 1148.477641
2110, 378.046477, 1157.957462
2111, 921.774860, 151.807943
2112, 931.847238, 137.440044
2113, 650.009124, 1165.856098
2114, 647.964579, 1148.851576
2115, 415.264843, 108.980331
2116, 439.619761, 119.157339
2117, 434.598088, 99.360963
2118, 1052.776973, 343.630718
2119, 1060.408814, 363.870465
2120, 399.844757, 1008.501434
2121, 405.494730, 1025.243353
2122, 1105.861518, 388.883224
2123, 1123.371272, 410.509155
2124, 1108.841860, 424.922673
2125, 1107.351689, 406.902949
2126, 185.099446, 934.255993
2127, 165.893480, 900.513003
2128, 175.496463, 917.384498
2129, 1181.015878, 846.066188
2130, 1193.533739, 808.774039
2131, 1187.426460, 827.471089
2132, 502.508247, 145.209339
2133, 536.379629, 134.350828
2134, 519.443938, 139.780084
2135, 965.011818, 392.023167
2136, 466.194617, 1024.880936
2137, 453.098298, 1034.912855
2138, 63.286787, 704.310074
2139, 66.276816, 723.905755
2140, 223.889727, 544.967481
2141, 216.829456, 567.980216
2142, 211.900066, 553.905853
2143, 652.593060, 1036.907356
2144, 655.882445, 1053.566519
2145, 1059.655834, 593.381256
2146, 1061.598755, 550.892453
2147, 1060.627295, 572.136855
2148, 312.325406, 795.360903
2149, 325.366427, 783.423081
2150, 319.702027, 211.343660
2151, 355.143617, 208.054913
2152, 318.611027, 236.982363
2153, 336.877322, 222.518638
2154, 786.100695, 1200.782282
2155, 798.481768, 1177.464599
2156, 823.904201, 1189.746380
2157, 805.047639, 1195.417693
2158, 774.681647, 144.117274
2159, 800.257297, 135.349311
2160, 812.944524, 157.492934
2161, 793.813086, 150.805104
2162, 300.588888, 1012.536785
2163, 270.264683, 995.622360
2164, 285.426786, 1004.079572
2165, 234.050210, 491.256063
2166, 246.090057, 476.870828
2167, 1067.083635, 745.414234
2168, 1066.127400, 760.850094
2169, 325.624780, 1127.803647
2170, 342.679236, 1138.308814
2171, 1030.341822, 810.580719
2172, 1031.738495, 795.661082
2173, 1163.722892, 716.077111
2174, 1197.377375, 714.631790
2175, 1180.550133, 715.354450
2176, 466.241653, 249.264341
2177, 445.874779, 244.869678
2178, 324.200270, 1063.888274
2179, 315.916924, 1042.041049
2180, 331.016247, 1049.538376
2181, 659.837079, 1018.920256
2182, 641.078427, 1021.740129
2183, 1204.528590, 770.504328
2184, 1213.135386, 732.236540
2185, 1209.007628, 751.403957
2186, 173.360535, 438.719248
2187, 179.341968, 406.125655
2188, 176.351251, 422.422452
2189, 646.074989, 59.326052
2190, 665.827641, 61.102491
2191, 980.962167, 1024.090522
2192, 951.400463, 1045.088571
2193, 966.181315, 1034.589546
2194, 757.285083, 262.443332
2195, 751.674151, 278.823373
2196, 1144.812683, 685.027101
2197, 1154.267787, 700.552106
2198, 968.250374, 1097.098004
2199, 944.795626, 1074.086220
2200, 956.523000, 1085.592112
2201, 135.074084, 573.334488
2202, 137.808278, 539.443907
2203, 136.441181, 556.389198
2204, 783.105567, 254.646351
2205, 802.850060, 262.920372
2206, 933.142122, 1057.272838
2207, 925.494494, 1073.812800
2208, 771.405308, 1003.363801
2209, 785.443407, 1015.338871
2210, 1112.656277, 443.874159
2211, 166.728218, 850.359834
2212, 147.803249, 868.095034
2213, 150.744379, 850.013781
2214, 250.525970, 966.027577
2215, 225.562877, 944.598604
2216, 238.044423, 955.313091
2217, 1166.492586, 882.979837
2218, 1173.912662, 864.587802
2219, 814.551338, 104.957416
2220, 803.633016, 82.776105
2221, 822.452127, 88.848639
2222, 878.925856, 348.381597
2223, 896.971640, 360.161471
2224, 162.982179, 777.370903
2225, 314.261162, 1098.125421
2226, 302.507880, 1070.122227
2227, 319.230716, 1081.006847
2228, 264.477937, 283.735897
2229, 259.111476, 299.707067
2230, 518.953894, 1153.559357
2231, 537.448237, 1148.651170
2232, 97.072203, 862.093414
2233, 107.609357, 875.641647
2234, 76.778765, 637.138180
2235, 59.785171, 664.115320
2236, 59.290435, 643.875621
2237, 1082.514278, 264.639716
2238, 860.930350, 1176.830242
2239, 878.422040, 1168.900821
2240, 986.058202, 842.173512
2241, 972.109420, 831.239195
2242, 774.049882, 1165.837015
2243, 788.016459, 1139.594652
2244, 793.249113, 1158.529625
2245, 1012.801957, 295.595168
2246, 1040.017716, 315.183336
2247, 1026.409836, 305.389252
2248, 318.791584, 915.541474
2249, 337.086215, 937.592699
2250, 321.223554, 934.018316
2251, 1150.617333, 402.472915
2252, 1159.450199, 380.028122
2253, 1167.525804, 397.240580
2254, 78.844111, 677.027090
2255, 61.382407, 684.225282
2256, 465.807690, 118.704528
2257, 466.029586, 141.484561
2258, 452.824674, 130.320950
2259, 1149.104769, 918.263262
2260, 1139.648383, 895.443031
2261, 1157.960694, 900.701332
2262, 1032.911022, 1022.453887
2263, 1029.406536, 1047.166684
2264, 1006.420930, 1023.672291
2265, 1017.913733, 1035.419487
2266, 308.958228, 1116.554957
2267, 287.568944, 175.507855
2268, 289.319014, 195.544757
2269, 256.144073, 202.869553
2270, 271.742224, 189.054019
2271, 171.537378, 876.086543
2272, 156.848364, 884.304019
2273, 227.186676, 231.250244
2274, 232.194924, 252.232380
2275, 213.883509, 245.852988
2276, 1037.292326, 607.924387
2277, 1017.572691, 629.469048
2278, 1020.141439, 607.577871
2279, 807.404317, 120.153363
2280, 762.195275, 1078.984588
2281, 779.519420, 1066.448357
2282, 1123.076692, 889.963212
2283, 410.110403, 304.145271
2284, 395.425860, 297.963655
2285, 346.656265, 140.507982
2286, 378.199308, 117.260901
2287, 362.350343, 128.740271
2288, 250.058019, 993.399647
2289, 239.884916, 1008.061438
2290, 1199.201243, 789.684054
2291, 763.691784, 246.884087
2292, 670.324030, 1219.178888
2293, 635.844308, 1220.556158
2294, 650.678387, 1201.168571
2295, 653.088991, 1220.152523
2296, 761.784932, 1187.557962
2297, 747.689469, 1210.167472
2298, 766.931720, 1205.635180
2299, 1218.194610, 693.369028
2300, 1220.328759, 655.001170
2301, 1219.444793, 674.193859
2302, 622.283916, 244.144564
2303, 634.540749, 259.396467
2304, 1132.950139, 674.103426
2305, 709.279108, 1215.935741
2306, 689.811540, 1217.671290
2307, 965.000254, 1121.229173
2308, 996.747072, 1098.344661
2309, 980.983180, 1109.936750
2310, 758.775830, 1134.648843
2311, 763.955949, 1107.869371
2312, 775.986204, 1123.732011
2313, 453.865421, 1173.717995
2314, 470.558116, 1197.225253
2315, 451.774600, 1190.495241
2316, 984.758905, 862.959240
2317, 1012.180051, 839.765328
2318, 998.469478, 851.362284
2319, 207.543576, 937.252429
2320, 194.977456, 950.155229
2321, 129.692565, 642.337763
2322, 110.389229, 628.026248
2323, 122.184559, 606.797534
2324, 125.938562, 624.567648
2325, 1132.142075, 391.772645
2326, 1136.994303, 406.491035
2327, 992.393351, 244.444516
2328, 997.257535, 264.753082
2329, 984.410587, 255.726340
2330, 1017.133548, 485.273490
2331, 1037.134599, 497.370680
2332, 1022.572951, 503.177847
2333, 128.637073, 521.726657
2334, 147.064750, 522.603080
2335, 148.717713, 452.341609
2336, 165.281663, 454.871839
2337, 850.071597, 170.826987
2338, 831.508061, 164.159961
2339, 752.782111, 1005.601733
2340, 1035.768404, 998.007782
2341, 1060.493871, 995.912484
2342, 1046.702446, 1009.183186
2343, 729.281306, 1058.837325
2344, 734.307591, 1080.812743
2345, 717.087922, 1073.246123
2346, 243.998002, 765.013797
2347, 265.508756, 802.254852
2348, 254.753379, 783.634324
2349, 872.741066, 162.883310
2350, 885.302595, 184.339377
2351, 867.687096, 177.583182
2352, 130.530193, 450.997145
2353, 897.504670, 156.147521
2354, 880.114280, 148.365125
2355, 251.886122, 419.702916
2356, 784.482278, 78.137683
2357, 618.850628, 228.160801
2358, 310.988235, 153.772346
2359, 312.092366, 171.725922
2360, 299.168618, 164.489702
2361, 1017.431579, 244.546912
2362, 1003.649660, 232.282757
2363, 736.068266, 1109.697526
2364, 749.131770, 1094.341057
2365, 290.657516, 239.003636
2366, 260.517751, 244.954794
2367, 259.171376, 223.831450
2368, 289.311140, 217.880292
2369, 274.914446, 231.417543
2370, 913.403629, 196.729808
2371, 934.697943, 198.448100
2372, 924.648474, 209.986980
2373, 740.378556, 1128.752990
2374, 718.867893, 1133.798854
2375, 727.468080, 1121.748190
2376, 92.704269, 844.993505
2377, 1027.841699, 1072.155792
2378, 1042.725488, 1058.579796
2379, 1220.409103, 637.932011
2380, 624.547393, 76.700529
2381, 607.884920, 59.501802
2382, 626.976533, 59.251109
2383, 288.161271, 261.372643
2384, 303.386149, 249.177503
2385, 631.926093, 1184.233401
2386, 650.343755, 1183.512335
2387, 842.495990, 1183.495556
2388, 612.970933, 1201.065230
2389, 613.825364, 1219.587245
2390, 622.013095, 90.549615
2391, 557.601717, 120.528442
2392, 554.360286, 136.125117
2393, 503.055051, 1206.873937
2394, 507.457263, 1179.320622
2395, 513.569163, 1194.714697
2396, 936.693849, 341.712390
2397, 1082.415943, 971.931981
2398, 1060.756271, 975.827427
2399, 1071.454907, 983.922232
2400, 1133.447437, 370.725465
2401, 1119.654478, 379.804344
2402, 1139.413356, 935.581028
2403, 315.643370, 867.732255
2404, 316.071359, 893.860391
2405, 306.667545, 880.371498
2406, 868.555162, 320.774417
2407, 862.378659, 336.622749
2408, 112.652874, 591.130863
2409, 128.629321, 590.066011
2410, 387.662781, 995.472022
2411, 250.643106, 541.998076
2412, 269.548803, 538.611375
2413, 485.647378, 128.436990
2414, 484.268917, 143.346950
2415, 1063.225616, 721.531594
2416, 1043.677443, 723.432662
2417, 345.001713, 176.933020
2418, 366.411399, 186.953637
2419, 257.796752, 735.561573
2420, 240.260919, 743.736749
2421, 112.489251, 666.452839
2422, 130.642657, 663.367687
2423, 556.582123, 208.509924
2424, 1012.409058, 1085.385444
2425, 1149.824720, 363.080287
2426, 1060.171351, 323.855227
2427, 1046.397344, 329.407027
2428, 109.978926, 522.555813
2429, 260.395326, 980.824969
2430, 554.294453, 102.623741
2431, 241.547733, 216.938748
2432, 876.934672, 306.115535
2433, 1010.993538, 998.567841
2434, 995.977853, 1011.329181
2435, 337.384178, 159.650818
2436, 328.727182, 146.988837
2437, 613.596161, 1183.722425
2438, 324.382354, 851.170964
2439, 993.847529, 472.980236
2440, 979.956104, 481.460760
2441, 463.622009, 1143.371733
2442, 454.129616, 1120.502694
2443, 487.682223, 1138.129522
2444, 470.905920, 1129.316108
2445, 495.699130, 243.494534
2446, 501.974461, 225.879703
2447, 483.597110, 1029.464523
2448, 733.571212, 1148.468665
2449, 719.717500, 1161.629180
2450, 719.292696, 1147.714017
2451, 176.581889, 388.260951
2452, 189.029628, 393.663384
2453, 755.976409, 136.340186
2454, 934.620603, 1042.105062
2455, 237.884349, 558.980800
2456, 229.701992, 575.092361
2457, 739.703536, 1176.085465
2458, 725.076178, 1195.068020
2459, 722.396839, 1178.348600
2460, 420.359849, 1099.754078
2461, 394.024221, 1104.659271
2462, 402.505772, 1086.577012
2463, 159.672770, 384.068576
2464, 236.648484, 527.984757
2465, 235.349347, 509.620410
2466, 1215.842153, 712.823792
2467, 219.412106, 929.175569
2468, 678.384398, 1016.378148
2469, 296.714339, 1041.984358
2470, 308.252906, 1027.288917
2471, 977.804224, 878.963855
2472, 1017.284691, 268.959523
2473, 1005.029746, 280.174125
2474, 341.755891, 914.149244
2475, 328.913625, 904.004818
2476, 319.709901, 189.008125
2477, 304.510521, 203.444208
2478, 264.282089, 265.690082
2479, 276.319604, 272.554270
2480, 93.825421, 652.103285
2481, 95.666681, 671.739965
2482, 588.483665, 61.411699
2483, 484.704295, 1185.409228
2484, 486.761731, 1202.219682
2485, 290.286610, 1058.429643
2486, 751.968486, 1154.364518
2487, 756.876709, 1170.961240
2488, 93.342573, 613.061143
2489, 93.583997, 632.582214
2490, 396.671342, 112.989649
2491, 284.752144, 803.057341
2492, 274.885631, 814.355666
2493, 182.476568, 860.043138
2494, 1045.684572, 627.054972
2495, 1052.670203, 610.218114
2496, 248.238506, 258.961231
2497, 948.165980, 1131.635590
2498, 361.175543, 920.802475
2499, 373.305858, 908.811606
2500, 728.514707, 1213.250729
2501, 1021.260937, 825.173024
2502, 1076.063700, 729.407910
2503, 1057.485809, 512.841691
2504, 1053.118149, 493.835016
2505, 1059.542282, 531.867072
2506, 1040.920450, 973.104025
2507, 1071.186824, 947.839043
2508, 1056.053637, 960.471534
2509, 499.021304, 1160.265956
2510, 503.318058, 1145.844440
2511, 1025.956994, 985.835933
2512, 746.173521, 1141.558754
2513, 476.268336, 1166.354562
2514, 441.219094, 1150.735166
2515, 458.743715, 1158.544864
2516, 422.460906, 317.602048
2517, 433.207866, 328.519194
2518, 237.266416, 543.482778
2519, 273.058990, 725.823353
2520, 481.072973, 115.072235
2521, 1009.655614, 466.056381
2522, 1075.414609, 314.861961
2523, 1029.791143, 257.759580
2524, 491.862799, 1172.837592
2525, 1087.057573, 954.760404
2526, 485.343586, 255.971303
2527, 929.411773, 174.592494
2528, 944.465720, 185.414109
2529, 1032.112486, 646.079193
2530, 1015.749905, 649.201880
2531, 406.117939, 1132.205174
2532, 429.427156, 1125.096216
2533, 423.668516, 1141.470170
2534, 1046.281714, 643.235750
2535, 95.561661, 594.767532
2536, 388.008153, 1122.135696
2537, 298.538775, 799.209122
2538, 427.297017, 303.780002
2539, 725.097145, 1042.822383
2540, 349.130879, 929.197587
2541, 437.244733, 1110.128386
2542, 905.141584, 178.932071
2543, 899.353112, 190.534593
2544, 913.458222, 165.370007
2545, 328.547040, 174.329471
